0.0015 0.001
0.00175498366 0.001169989107
0.002053311764 0.00136887451
0.002402352397 0.001601568264
0.002810726134 0.001873817423
0.003288518959 0.002192345972
0.003847531359 0.002565020906
0.004501569777 0.003001046518
0.005266787601 0.003511191734
0.00616208412 0.00410805608
0.007209571295 0.004806380863
0.008435119878 0.005623413252
0.00986899837 0.006579332247
0.01154662059 0.007697747057
0.0135094203 0.009006280202
0.01580587459 0.01053724973
0.01849270109 0.01232846739
0.02163625883 0.01442417255
0.02531418714 0.01687612476
0.02961732319 0.01974488213
0.0346519455 0.023101297
0.04054239876 0.02702826584
0.0474341649 0.0316227766
0.05549745622 0.03699830414
0.06493141922 0.04328761281
0.07596905316 0.05064603544
0.08888296463 0.05925530976
0.1039921004 0.06932806692
0.1216696246 0.08111308308
0.1423521354 0.0949014236
0.1665504477 0.1110336318
0.1948622095 0.1299081397
0.2279866624 0.1519911083
0.2667419115 0.177827941
0.3120851307 0.2080567538
0.3651362033 0.2434241355
0.4272053803 0.2848035868
0.4998256412 0.3332170941
0.5847905554 0.3898603703
0.6841985794 0.4561323863
0.8005048847 0.5336699231
0.9365819948 0.6243879966
1.095790731 0.7305271543
1.282063219 0.8547088126
1.5 1
0.001775862069 0.001
0.002077739275 0.001169989107
0.002430932319 0.00136887451
0.002844164332 0.001601568264
0.003327641285 0.001873817423
0.003893304055 0.002192345972
0.004555123333 0.002565020906
0.005329444678 0.003001046518
0.006235392218 0.003511191734
0.00729534097 0.00410805608
0.008535469464 0.004806380863
0.009986406292 0.005623413252
0.01168398658 0.006579332247
0.01367013702 0.007697747057
0.01599391139 0.009006280202
0.0187127021 0.01053724973
0.02189365761 0.01232846739
0.02561534091 0.01442417255
0.02996966983 0.01687612476
0.03506418723 0.01974488213
0.04102471709 0.023101297
0.04799847209 0.02702826584
0.05615768948 0.0316227766
0.06570388495 0.03699830414
0.07687282965 0.04328761281
0.08994037328 0.05064603544
0.105229257 0.05925530976
0.1231170844 0.06932806692
0.1440456475 0.08111308308
0.1685318385 0.0949014236
0.1971804151 0.1110336318
0.2306989377 0.1299081397
0.269915244 0.1519911083
0.3157978952 0.177827941
0.3694800973 0.2080567538
0.4322876889 0.2434241355
0.505771887 0.2848035868
0.5917475982 0.3332170941
0.6923382437 0.3898603703
0.8100282032 0.4561323863
0.9477241738 0.5336699231
1.108826959 0.6243879966
1.297315464 0.7305271543
1.51784496 0.8547088126
1.775862069 1
0.002051724138 0.001
0.002400494891 0.001169989107
0.002808552873 0.00136887451
0.003285976267 0.001601568264
0.003844556437 0.001873817423
0.00449808915 0.002192345972
0.005262715306 0.002565020906
0.00615731958 0.003001046518
0.007203996834 0.003511191734
0.00842859782 0.00410805608
0.009861367633 0.004806380863
0.01153769271 0.005623413252
0.01349897478 0.006579332247
0.01579365344 0.007697747057
0.01847840248 0.009006280202
0.02161952961 0.01053724973
0.02529461414 0.01232846739
0.029594423 0.01442417255
0.03462515252 0.01687612476
0.04051105126 0.01974488213
0.04739748867 0.023101297
0.05545454543 0.02702826584
0.06488121406 0.0316227766
0.07591031367 0.03699830414
0.08881424008 0.04328761281
0.1039116934 0.05064603544
0.1215755493 0.05925530976
0.1422420683 0.06932806692
0.1664216705 0.08111308308
0.1947115415 0.0949014236
0.2278103825 0.1110336318
0.2665356659 0.1299081397
0.3118438256 0.1519911083
0.364853879 0.177827941
0.4268750639 0.2080567538
0.4994391746 0.2434241355
0.5843383937 0.2848035868
0.6836695552 0.3332170941
0.7998859321 0.3898603703
0.935857827 0.4561323863
1.094943463 0.5336699231
1.281071924 0.6243879966
1.498840196 0.7305271543
1.753626702 0.8547088126
2.051724138 1
0.002327586207 0.001
0.002723250507 0.001169989107
0.003186173427 0.00136887451
0.003727788202 0.001601568264
0.004361471588 0.001873817423
0.005102874246 0.002192345972
0.00597030728 0.002565020906
0.006985194481 0.003001046518
0.00817260145 0.003511191734
0.009561854669 0.00410805608
0.0111872658 0.004806380863
0.01308897912 0.005623413252
0.01531396299 0.006579332247
0.01791716987 0.007697747057
0.02096289357 0.009006280202
0.02452635712 0.01053724973
0.02869557066 0.01232846739
0.03357350508 0.01442417255
0.03928063521 0.01687612476
0.0459579153 0.01974488213
0.05377026026 0.023101297
0.06291061876 0.02702826584
0.07360473864 0.0316227766
0.0861167424 0.03699830414
0.1007556505 0.04328761281
0.1178830135 0.05064603544
0.1379218417 0.05925530976
0.1613670523 0.06932806692
0.1887976934 0.08111308308
0.2208912446 0.0949014236
0.2584403499 0.1110336318
0.3023723941 0.1299081397
0.3537724072 0.1519911083
0.4139098627 0.177827941
0.4842700304 0.2080567538
0.5665906603 0.2434241355
0.6629049004 0.2848035868
0.7755915122 0.3332170941
0.9074336204 0.3898603703
1.061687451 0.4561323863
1.242162752 0.5336699231
1.453316889 0.6243879966
1.700364928 0.7305271543
1.989408443 0.8547088126
2.327586207 1
0.002603448276 0.001
0.003046006122 0.001169989107
0.003563793982 0.00136887451
0.004169600137 0.001601568264
0.004878386739 0.001873817423
0.005707659342 0.002192345972
0.006677899254 0.002565020906
0.007813069383 0.003001046518
0.009141206067 0.003511191734
0.01069511152 0.00410805608
0.01251316397 0.004806380863
0.01464026554 0.005623413252
0.01712895119 0.006579332247
0.0200406863 0.007697747057
0.02344738466 0.009006280202
0.02743318464 0.01053724973
0.03209652718 0.01232846739
0.03755258716 0.01442417255
0.0439361179 0.01687612476
0.05140477933 0.01974488213
0.06014303185 0.023101297
0.0703666921 0.02702826584
0.08232826322 0.0316227766
0.09632317113 0.03699830414
0.1126970609 0.04328761281
0.1318543336 0.05064603544
0.154268134 0.05925530976
0.1804920363 0.06932806692
0.2111737163 0.08111308308
0.2470709477 0.0949014236
0.2890703173 0.1110336318
0.3382091223 0.1299081397
0.3957009888 0.1519911083
0.4629658464 0.177827941
0.541664997 0.2080567538
0.6337421459 0.2434241355
0.7414714071 0.2848035868
0.8675134692 0.3332170941
1.014981309 0.3898603703
1.187517075 0.4561323863
1.389382041 0.5336699231
1.625561853 0.6243879966
1.90188966 0.7305271543
2.225190184 0.8547088126
2.603448276 1
0.002879310345 0.001
0.003368761738 0.001169989107
0.003941414536 0.00136887451
0.004611412072 0.001601568264
0.00539530189 0.001873817423
0.006312444438 0.002192345972
0.007385491228 0.002565020906
0.008640944284 0.003001046518
0.01010981068 0.003511191734
0.01182836837 0.00410805608
0.01383906214 0.004806380863
0.01619155195 0.005623413252
0.0189439394 0.006579332247
0.02216420273 0.007697747057
0.02593187575 0.009006280202
0.03034001215 0.01053724973
0.0354974837 0.01232846739
0.04153166925 0.01442417255
0.0485916006 0.01687612476
0.05685164337 0.01974488213
0.06651580343 0.023101297
0.07782276543 0.02702826584
0.0910517878 0.0316227766
0.1065295999 0.03699830414
0.1246384714 0.04328761281
0.1458256538 0.05064603544
0.1706144264 0.05925530976
0.1996170203 0.06932806692
0.2335497392 0.08111308308
0.2732506507 0.0949014236
0.3197002847 0.1110336318
0.3740458505 0.1299081397
0.4376295704 0.1519911083
0.5120218301 0.177827941
0.5990599636 0.2080567538
0.7008936316 0.2434241355
0.8200379138 0.2848035868
0.9594354262 0.3332170941
1.122528997 0.3898603703
1.313346698 0.4561323863
1.53660133 0.5336699231
1.797806818 0.6243879966
2.103414392 0.7305271543
2.460971926 0.8547088126
2.879310345 1
0.003155172414 0.001
0.003691517354 0.001169989107
0.00431903509 0.00136887451
0.005053224007 0.001601568264
0.005912217041 0.001873817423
0.006917229534 0.002192345972
0.008093083202 0.002565020906
0.009468819186 0.003001046518
0.0110784153 0.003511191734
0.01296162522 0.00410805608
0.01516496031 0.004806380863
0.01774283836 0.005623413252
0.02075892761 0.006579332247
0.02428771916 0.007697747057
0.02841636684 0.009006280202
0.03324683966 0.01053724973
0.03889844023 0.01232846739
0.04551075133 0.01442417255
0.05324708329 0.01687612476
0.0622985074 0.01974488213
0.07288857502 0.023101297
0.08527883877 0.02702826584
0.09977531238 0.0316227766
0.1167360286 0.03699830414
0.1365798818 0.04328761281
0.1597969739 0.05064603544
0.1869607187 0.05925530976
0.2187420043 0.06932806692
0.2559257621 0.08111308308
0.2994303538 0.0949014236
0.3503302521 0.1110336318
0.4098825787 0.1299081397
0.479558152 0.1519911083
0.5610778139 0.177827941
0.6564549302 0.2080567538
0.7680451173 0.2434241355
0.8986044206 0.2848035868
1.051357383 0.3332170941
1.230076685 0.3898603703
1.439176322 0.4561323863
1.68382062 0.5336699231
1.970051782 0.6243879966
2.304939125 0.7305271543
2.696753667 0.8547088126
3.155172414 1
0.003431034483 0.001
0.004014272969 0.001169989107
0.004696655645 0.00136887451
0.005495035942 0.001601568264
0.006429132192 0.001873817423
0.00752201463 0.002192345972
0.008800675176 0.002565020906
0.01029669409 0.003001046518
0.01204701992 0.003511191734
0.01409488207 0.00410805608
0.01649085848 0.004806380863
0.01929412478 0.005623413252
0.02257391581 0.006579332247
0.02641123559 0.007697747057
0.03090085793 0.009006280202
0.03615366717 0.01053724973
0.04229939675 0.01232846739
0.04948983341 0.01442417255
0.05790256598 0.01687612476
0.06774537144 0.01974488213
0.07926134661 0.023101297
0.0927349121 0.02702826584
0.108498837 0.0316227766
0.1269424573 0.03699830414
0.1485212922 0.04328761281
0.173768294 0.05064603544
0.2033070111 0.05925530976
0.2378669882 0.06932806692
0.278301785 0.08111308308
0.3256100568 0.0949014236
0.3809602195 0.1110336318
0.4457193069 0.1299081397
0.5214867336 0.1519911083
0.6101337976 0.177827941
0.7138498967 0.2080567538
0.8351966029 0.2434241355
0.9771709273 0.2848035868
1.14327934 0.3332170941
1.337624374 0.3898603703
1.565005946 0.4561323863
1.831039909 0.5336699231
2.142296747 0.6243879966
2.506463857 0.7305271543
2.932535409 0.8547088126
3.431034483 1
0.003706896552 0.001
0.004337028585 0.001169989107
0.005074276199 0.00136887451
0.005936847877 0.001601568264
0.006946047343 0.001873817423
0.008126799726 0.002192345972
0.00950826715 0.002565020906
0.01112456899 0.003001046518
0.01301562453 0.003511191734
0.01522813892 0.00410805608
0.01781675665 0.004806380863
0.02084541119 0.005623413252
0.02438890402 0.006579332247
0.02853475202 0.007697747057
0.03338534903 0.009006280202
0.03906049468 0.01053724973
0.04570035327 0.01232846739
0.0534689155 0.01442417255
0.06255804867 0.01687612476
0.07319223548 0.01974488213
0.08563411819 0.023101297
0.1001909854 0.02702826584
0.1172223615 0.0316227766
0.1371488861 0.03699830414
0.1604627027 0.04328761281
0.1877396141 0.05064603544
0.2196533034 0.05925530976
0.2569919722 0.06932806692
0.300677808 0.08111308308
0.3517897599 0.0949014236
0.4115901869 0.1110336318
0.4815560351 0.1299081397
0.5634153152 0.1519911083
0.6591897813 0.177827941
0.7712448633 0.2080567538
0.9023480886 0.2434241355
1.055737434 0.2848035868
1.235201297 0.3332170941
1.445172062 0.3898603703
1.69083557 0.4561323863
1.978259198 0.5336699231
2.314541711 0.6243879966
2.707988589 0.7305271543
3.16831715 0.8547088126
3.706896552 1
0.003982758621 0.001
0.0046597842 0.001169989107
0.005451896754 0.00136887451
0.006378659812 0.001601568264
0.007462962494 0.001873817423
0.008731584821 0.002192345972
0.01021585912 0.002565020906
0.01195244389 0.003001046518
0.01398422915 0.003511191734
0.01636139577 0.00410805608
0.01914265482 0.004806380863
0.02239669761 0.005623413252
0.02620389222 0.006579332247
0.03065826845 0.007697747057
0.03586984012 0.009006280202
0.04196732219 0.01053724973
0.0491013098 0.01232846739
0.05744799758 0.01442417255
0.06721353136 0.01687612476
0.07863909951 0.01974488213
0.09200688978 0.023101297
0.1076470588 0.02702826584
0.1259458861 0.0316227766
0.1473553148 0.03699830414
0.1724041131 0.04328761281
0.2017109342 0.05064603544
0.2359995958 0.05925530976
0.2761169562 0.06932806692
0.3230538309 0.08111308308
0.377969463 0.0949014236
0.4422201543 0.1110336318
0.5173927633 0.1299081397
0.6053438968 0.1519911083
0.708245765 0.177827941
0.8286398299 0.2080567538
0.9694995742 0.2434241355
1.134303941 0.2848035868
1.327123254 0.3332170941
1.55271975 0.3898603703
1.816665194 0.4561323863
2.125478487 0.5336699231
2.486786676 0.6243879966
2.909513321 0.7305271543
3.404098891 0.8547088126
3.982758621 1
0.00425862069 0.001
0.004982539816 0.001169989107
0.005829517308 0.00136887451
0.006820471747 0.001601568264
0.007979877646 0.001873817423
0.009336369917 0.002192345972
0.0109234511 0.002565020906
0.01278031879 0.003001046518
0.01495283376 0.003511191734
0.01749465262 0.00410805608
0.02046855299 0.004806380863
0.02394798402 0.005623413252
0.02801888043 0.006579332247
0.03278178488 0.007697747057
0.03835433121 0.009006280202
0.0448741497 0.01053724973
0.05250226632 0.01232846739
0.06142707966 0.01442417255
0.07186901406 0.01687612476
0.08408596355 0.01974488213
0.09837966137 0.023101297
0.1151031321 0.02702826584
0.1346694107 0.0316227766
0.1575617435 0.03699830414
0.1843455235 0.04328761281
0.2156822544 0.05064603544
0.2523458881 0.05925530976
0.2952419402 0.06932806692
0.3454298538 0.08111308308
0.404149166 0.0949014236
0.4728501217 0.1110336318
0.5532294914 0.1299081397
0.6472724784 0.1519911083
0.7573017488 0.177827941
0.8860347964 0.2080567538
1.03665106 0.2434241355
1.212870447 0.2848035868
1.419045211 0.3332170941
1.660267439 0.3898603703
1.942494817 0.4561323863
2.272697776 0.5336699231
2.659031641 0.6243879966
3.111038054 0.7305271543
3.639880633 0.8547088126
4.25862069 1
0.004534482759 0.001
0.005305295432 0.001169989107
0.006207137862 0.00136887451
0.007262283682 0.001601568264
0.008496792797 0.001873817423
0.009941155013 0.002192345972
0.01163104307 0.002565020906
0.01360819369 0.003001046518
0.01592143838 0.003511191734
0.01862790947 0.00410805608
0.02179445115 0.004806380863
0.02549927044 0.005623413252
0.02983386864 0.006579332247
0.03490530131 0.007697747057
0.0408388223 0.009006280202
0.04778097721 0.01053724973
0.05590322284 0.01232846739
0.06540616175 0.01442417255
0.07652449675 0.01687612476
0.08953282758 0.01974488213
0.104752433 0.023101297
0.1225592054 0.02702826584
0.1433929353 0.0316227766
0.1677681722 0.03699830414
0.196286934 0.04328761281
0.2296535745 0.05064603544
0.2686921804 0.05925530976
0.3143669241 0.06932806692
0.3678058767 0.08111308308
0.4303288691 0.0949014236
0.5034800891 0.1110336318
0.5890662196 0.1299081397
0.68920106 0.1519911083
0.8063577325 0.177827941
0.943429763 0.2080567538
1.103802546 0.2434241355
1.291436954 0.2848035868
1.510967168 0.3332170941
1.767815127 0.3898603703
2.068324441 0.4561323863
2.419917065 0.5336699231
2.831276605 0.6243879966
3.312562786 0.7305271543
3.875662374 0.8547088126
4.534482759 1
0.004810344828 0.001
0.005628051047 0.001169989107
0.006584758417 0.00136887451
0.007704095617 0.001601568264
0.009013707948 0.001873817423
0.01054594011 0.002192345972
0.01233863505 0.002565020906
0.01443606859 0.003001046518
0.016890043 0.003511191734
0.01976116632 0.00410805608
0.02312034932 0.004806380863
0.02705055685 0.005623413252
0.03164885684 0.006579332247
0.03702881774 0.007697747057
0.04332331339 0.009006280202
0.05068780472 0.01053724973
0.05930417936 0.01232846739
0.06938524383 0.01442417255
0.08117997944 0.01687612476
0.09497969162 0.01974488213
0.1111252045 0.023101297
0.1300152788 0.02702826584
0.1521164599 0.0316227766
0.177974601 0.03699830414
0.2082283444 0.04328761281
0.2436248946 0.05064603544
0.2850384728 0.05925530976
0.3334919081 0.06932806692
0.3901818996 0.08111308308
0.4565085722 0.0949014236
0.5341100565 0.1110336318
0.6249029478 0.1299081397
0.7311296416 0.1519911083
0.8554137162 0.177827941
1.00082473 0.2080567538
1.170954031 0.2434241355
1.370003461 0.2848035868
1.602889125 0.3332170941
1.875362816 0.3898603703
2.194154065 0.4561323863
2.567136354 0.5336699231
3.00352157 0.6243879966
3.514087518 0.7305271543
4.111444116 0.8547088126
4.810344828 1
0.005086206897 0.001
0.005950806663 0.001169989107
0.006962378971 0.00136887451
0.008145907552 0.001601568264
0.009530623099 0.001873817423
0.0111507252 0.002192345972
0.01304622702 0.002565020906
0.0152639435 0.003001046518
0.01785864761 0.003511191734
0.02089442317 0.00410805608
0.02444624749 0.004806380863
0.02860184326 0.005623413252
0.03346384505 0.006579332247
0.03915233417 0.007697747057
0.04580780448 0.009006280202
0.05359463223 0.01053724973
0.06270513589 0.01232846739
0.07336432591 0.01442417255
0.08583546213 0.01687612476
0.1004265557 0.01974488213
0.1174979761 0.023101297
0.1374713521 0.02702826584
0.1608399844 0.0316227766
0.1881810297 0.03699830414
0.2201697548 0.04328761281
0.2575962147 0.05064603544
0.3013847651 0.05925530976
0.3526168921 0.06932806692
0.4125579226 0.08111308308
0.4826882752 0.0949014236
0.5647400239 0.1110336318
0.660739676 0.1299081397
0.7730582232 0.1519911083
0.9044696999 0.177827941
1.058219696 0.2080567538
1.238105517 0.2434241355
1.448569968 0.2848035868
1.694811082 0.3332170941
1.982910504 0.3898603703
2.319983689 0.4561323863
2.714355643 0.5336699231
3.175766534 0.6243879966
3.71561225 0.7305271543
4.347225857 0.8547088126
5.086206897 1
0.005362068966 0.001
0.006273562278 0.001169989107
0.007339999525 0.00136887451
0.008587719487 0.001601568264
0.01004753825 0.001873817423
0.0117555103 0.002192345972
0.01375381899 0.002565020906
0.0160918184 0.003001046518
0.01882725223 0.003511191734
0.02202768002 0.00410805608
0.02577214566 0.004806380863
0.03015312968 0.005623413252
0.03527883325 0.006579332247
0.0412758506 0.007697747057
0.04829229557 0.009006280202
0.05650145974 0.01053724973
0.06610609241 0.01232846739
0.077343408 0.01442417255
0.09049094482 0.01687612476
0.1058734197 0.01974488213
0.1238707477 0.023101297
0.1449274254 0.02702826584
0.169563509 0.0316227766
0.1983874584 0.03699830414
0.2321111652 0.04328761281
0.2715675349 0.05064603544
0.3177310575 0.05925530976
0.3717418761 0.06932806692
0.4349339455 0.08111308308
0.5088679783 0.0949014236
0.5953699913 0.1110336318
0.6965764042 0.1299081397
0.8149868048 0.1519911083
0.9535256837 0.177827941
1.115614663 0.2080567538
1.305257003 0.2434241355
1.527136474 0.2848035868
1.786733039 0.3332170941
2.090458192 0.3898603703
2.445813313 0.4561323863
2.861574933 0.5336699231
3.348011499 0.6243879966
3.917136982 0.7305271543
4.583007598 0.8547088126
5.362068966 1
0.005637931034 0.001
0.006596317894 0.001169989107
0.00771762008 0.00136887451
0.009029531422 0.001601568264
0.0105644534 0.001873817423
0.0123602954 0.002192345972
0.01446141097 0.002565020906
0.0169196933 0.003001046518
0.01979585685 0.003511191734
0.02316093687 0.00410805608
0.02709804383 0.004806380863
0.03170441609 0.005623413252
0.03709382146 0.006579332247
0.04339936703 0.007697747057
0.05077678666 0.009006280202
0.05940828726 0.01053724973
0.06950704893 0.01232846739
0.08132249008 0.01442417255
0.09514642751 0.01687612476
0.1113202837 0.01974488213
0.1302435193 0.023101297
0.1523834988 0.02702826584
0.1782870336 0.0316227766
0.2085938872 0.03699830414
0.2440525757 0.04328761281
0.285538855 0.05064603544
0.3340773498 0.05925530976
0.3908668601 0.06932806692
0.4573099684 0.08111308308
0.5350476814 0.0949014236
0.6259999587 0.1110336318
0.7324131324 0.1299081397
0.8569153864 0.1519911083
1.002581667 0.177827941
1.173009629 0.2080567538
1.372408488 0.2434241355
1.605702981 0.2848035868
1.878654996 0.3332170941
2.198005881 0.3898603703
2.571642936 0.4561323863
3.008794222 0.5336699231
3.520256463 0.6243879966
4.118661715 0.7305271543
4.81878934 0.8547088126
5.637931034 1
0.005913793103 0.001
0.00691907351 0.001169989107
0.008095240634 0.00136887451
0.009471343357 0.001601568264
0.01108136855 0.001873817423
0.01296508049 0.002192345972
0.01516900294 0.002565020906
0.0177475682 0.003001046518
0.02076446146 0.003511191734
0.02429419372 0.00410805608
0.028423942 0.004806380863
0.03325570251 0.005623413252
0.03890880967 0.006579332247
0.04552288346 0.007697747057
0.05326127775 0.009006280202
0.06231511477 0.01053724973
0.07290800545 0.01232846739
0.08530157216 0.01442417255
0.09980191021 0.01687612476
0.1167671478 0.01974488213
0.1366162909 0.023101297
0.1598395721 0.02702826584
0.1870105582 0.0316227766
0.2188003159 0.03699830414
0.2559939861 0.04328761281
0.2995101751 0.05064603544
0.3504236422 0.05925530976
0.409991844 0.06932806692
0.4796859913 0.08111308308
0.5612273844 0.0949014236
0.6566299261 0.1110336318
0.7682498606 0.1299081397
0.898843968 0.1519911083
1.051637651 0.177827941
1.230404596 0.2080567538
1.439559974 0.2434241355
1.684269488 0.2848035868
1.970576953 0.3332170941
2.305553569 0.3898603703
2.69747256 0.4561323863
3.156013511 0.5336699231
3.692501428 0.6243879966
4.320186447 0.7305271543
5.054571081 0.8547088126
5.913793103 1
0.006189655172 0.001
0.007241829125 0.001169989107
0.008472861188 0.00136887451
0.009913155292 0.001601568264
0.0115982837 0.001873817423
0.01356986559 0.002192345972
0.01587659492 0.002565020906
0.0185754431 0.003001046518
0.02173306608 0.003511191734
0.02542745057 0.00410805608
0.02974984017 0.004806380863
0.03480698892 0.005623413252
0.04072379787 0.006579332247
0.04764639989 0.007697747057
0.05574576884 0.009006280202
0.06522194228 0.01053724973
0.07630896198 0.01232846739
0.08928065425 0.01442417255
0.1044573929 0.01687612476
0.1222140118 0.01974488213
0.1429890625 0.023101297
0.1672956455 0.02702826584
0.1957340828 0.0316227766
0.2290067446 0.03699830414
0.2679353965 0.04328761281
0.3134814952 0.05064603544
0.3667699345 0.05925530976
0.429116828 0.06932806692
0.5020620142 0.08111308308
0.5874070875 0.0949014236
0.6872598935 0.1110336318
0.8040865888 0.1299081397
0.9407725496 0.1519911083
1.100693635 0.177827941
1.287799562 0.2080567538
1.50671146 0.2434241355
1.762835994 0.2848035868
2.06249891 0.3332170941
2.413101257 0.3898603703
2.823302184 0.4561323863
3.3032328 0.5336699231
3.864746393 0.6243879966
4.521711179 0.7305271543
5.290352823 0.8547088126
6.189655172 1
0.006465517241 0.001
0.007564584741 0.001169989107
0.008850481743 0.00136887451
0.01035496723 0.001601568264
0.01211519885 0.001873817423
0.01417465068 0.002192345972
0.01658418689 0.002565020906
0.019403318 0.003001046518
0.0227016707 0.003511191734
0.02656070741 0.00410805608
0.03107573834 0.004806380863
0.03635827534 0.005623413252
0.04253878608 0.006579332247
0.04976991632 0.007697747057
0.05823025993 0.009006280202
0.06812876979 0.01053724973
0.0797099185 0.01232846739
0.09325973633 0.01442417255
0.1091128756 0.01687612476
0.1276608758 0.01974488213
0.1493618341 0.023101297
0.1747517188 0.02702826584
0.2044576073 0.0316227766
0.2392131733 0.03699830414
0.279876807 0.04328761281
0.3274528153 0.05064603544
0.3831162269 0.05925530976
0.448241812 0.06932806692
0.5244380371 0.08111308308
0.6135867905 0.0949014236
0.7178898609 0.1110336318
0.839923317 0.1299081397
0.9827011312 0.1519911083
1.149749619 0.177827941
1.345194529 0.2080567538
1.573862945 0.2434241355
1.841402501 0.2848035868
2.154420867 0.3332170941
2.520648946 0.3898603703
2.949131808 0.4561323863
3.450452089 0.5336699231
4.036991357 0.6243879966
4.723235911 0.7305271543
5.526134564 0.8547088126
6.465517241 1
0.00674137931 0.001
0.007887340356 0.001169989107
0.009228102297 0.00136887451
0.01079677916 0.001601568264
0.01263211401 0.001873817423
0.01477943578 0.002192345972
0.01729177886 0.002565020906
0.0202311929 0.003001046518
0.02367027531 0.003511191734
0.02769396426 0.00410805608
0.03240163651 0.004806380863
0.03790956175 0.005623413252
0.04435377428 0.006579332247
0.05189343275 0.007697747057
0.06071475102 0.009006280202
0.0710355973 0.01053724973
0.08311087502 0.01232846739
0.09723881841 0.01442417255
0.1137683583 0.01687612476
0.1331077399 0.01974488213
0.1557346056 0.023101297
0.1822077921 0.02702826584
0.2131811319 0.0316227766
0.2494196021 0.03699830414
0.2918182174 0.04328761281
0.3414241355 0.05064603544
0.3994625192 0.05925530976
0.467366796 0.06932806692
0.5468140601 0.08111308308
0.6397664936 0.0949014236
0.7485198283 0.1110336318
0.8757600452 0.1299081397
1.024629713 0.1519911083
1.198805602 0.177827941
1.402589496 0.2080567538
1.641014431 0.2434241355
1.919969008 0.2848035868
2.246342824 0.3332170941
2.628196634 0.3898603703
3.074961432 0.4561323863
3.597671378 0.5336699231
4.209236322 0.6243879966
4.924760643 0.7305271543
5.761916305 0.8547088126
6.74137931 1
0.007017241379 0.001
0.008210095972 0.001169989107
0.009605722851 0.00136887451
0.0112385911 0.001601568264
0.01314902916 0.001873817423
0.01538422088 0.002192345972
0.01799937084 0.002565020906
0.02105906781 0.003001046518
0.02463887993 0.003511191734
0.02882722111 0.00410805608
0.03372753468 0.004806380863
0.03946084816 0.005623413252
0.04616876249 0.006579332247
0.05401694918 0.007697747057
0.06319924211 0.009006280202
0.07394242481 0.01053724973
0.08651183154 0.01232846739
0.1012179005 0.01442417255
0.118423841 0.01687612476
0.1385546039 0.01974488213
0.1621073772 0.023101297
0.1896638655 0.02702826584
0.2219046565 0.0316227766
0.2596260308 0.03699830414
0.3037596278 0.04328761281
0.3553954556 0.05064603544
0.4158088116 0.05925530976
0.4864917799 0.06932806692
0.569190083 0.08111308308
0.6659461967 0.0949014236
0.7791497957 0.1110336318
0.9115967733 0.1299081397
1.066558294 0.1519911083
1.247861586 0.177827941
1.459984462 0.2080567538
1.708165917 0.2434241355
1.998535515 0.2848035868
2.338264781 0.3332170941
2.735744322 0.3898603703
3.200791056 0.4561323863
3.744890667 0.5336699231
4.381481286 0.6243879966
5.126285376 0.7305271543
5.997698047 0.8547088126
7.017241379 1
0.007293103448 0.001
0.008532851588 0.001169989107
0.009983343406 0.00136887451
0.01168040303 0.001601568264
0.01366594431 0.001873817423
0.01598900597 0.002192345972
0.01870696281 0.002565020906
0.02188694271 0.003001046518
0.02560748454 0.003511191734
0.02996047796 0.00410805608
0.03505343285 0.004806380863
0.04101213458 0.005623413252
0.04798375069 0.006579332247
0.05614046561 0.007697747057
0.0656837332 0.009006280202
0.07684925232 0.01053724973
0.08991278807 0.01232846739
0.1051969826 0.01442417255
0.1230793237 0.01687612476
0.1440014679 0.01974488213
0.1684801488 0.023101297
0.1971199388 0.02702826584
0.2306281811 0.0316227766
0.2698324595 0.03699830414
0.3157010383 0.04328761281
0.3693667757 0.05064603544
0.4321551039 0.05925530976
0.5056167639 0.06932806692
0.5915661059 0.08111308308
0.6921258997 0.0949014236
0.8097797631 0.1110336318
0.9474335015 0.1299081397
1.108486876 0.1519911083
1.29691757 0.177827941
1.517379429 0.2080567538
1.775317402 0.2434241355
2.077102021 0.2848035868
2.430186738 0.3332170941
2.843292011 0.3898603703
3.326620679 0.4561323863
3.892109957 0.5336699231
4.553726251 0.6243879966
5.327810108 0.7305271543
6.233479788 0.8547088126
7.293103448 1
0.007568965517 0.001
0.008855607203 0.001169989107
0.01036096396 0.00136887451
0.01212221497 0.001601568264
0.01418285946 0.001873817423
0.01659379107 0.002192345972
0.01941455479 0.002565020906
0.02271481761 0.003001046518
0.02657608916 0.003511191734
0.03109373481 0.00410805608
0.03637933102 0.004806380863
0.04256342099 0.005623413252
0.0497987389 0.006579332247
0.05826398204 0.007697747057
0.06816822429 0.009006280202
0.07975607983 0.01053724973
0.09331374459 0.01232846739
0.1091760647 0.01442417255
0.1277348064 0.01687612476
0.149448332 0.01974488213
0.1748529204 0.023101297
0.2045760121 0.02702826584
0.2393517057 0.0316227766
0.2800388883 0.03699830414
0.3276424487 0.04328761281
0.3833380958 0.05064603544
0.4485013963 0.05925530976
0.5247417479 0.06932806692
0.6139421288 0.08111308308
0.7183056028 0.0949014236
0.8404097305 0.1110336318
0.9832702297 0.1299081397
1.150415458 0.1519911083
1.345973553 0.177827941
1.574774395 0.2080567538
1.842468888 0.2434241355
2.155668528 0.2848035868
2.522108695 0.3332170941
2.950839699 0.3898603703
3.452450303 0.4561323863
4.039329246 0.5336699231
4.725971215 0.6243879966
5.52933484 0.7305271543
6.46926153 0.8547088126
7.568965517 1
0.007844827586 0.001
0.009178362819 0.001169989107
0.01073858451 0.00136887451
0.0125640269 0.001601568264
0.01469977461 0.001873817423
0.01719857616 0.002192345972
0.02012214676 0.002565020906
0.02354269251 0.003001046518
0.02754469378 0.003511191734
0.03222699166 0.00410805608
0.03770522918 0.004806380863
0.04411470741 0.005623413252
0.05161372711 0.006579332247
0.06038749847 0.007697747057
0.07065271538 0.009006280202
0.08266290734 0.01053724973
0.09671470111 0.01232846739
0.1131551467 0.01442417255
0.132390289 0.01687612476
0.154895196 0.01974488213
0.181225692 0.023101297
0.2120320855 0.02702826584
0.2480752302 0.0316227766
0.290245317 0.03699830414
0.3395838591 0.04328761281
0.3973094159 0.05064603544
0.4648476886 0.05925530976
0.5438667319 0.06932806692
0.6363181517 0.08111308308
0.7444853059 0.0949014236
0.8710396979 0.1110336318
1.019106958 0.1299081397
1.192344039 0.1519911083
1.395029537 0.177827941
1.632169362 0.2080567538
1.909620374 0.2434241355
2.234235035 0.2848035868
2.614030652 0.3332170941
3.058387387 0.3898603703
3.578279927 0.4561323863
4.186548535 0.5336699231
4.89821618 0.6243879966
5.730859572 0.7305271543
6.705043271 0.8547088126
7.844827586 1
0.008120689655 0.001
0.009501118435 0.001169989107
0.01111620507 0.00136887451
0.01300583884 0.001601568264
0.01521668976 0.001873817423
0.01780336126 0.002192345972
0.02082973873 0.002565020906
0.02437056741 0.003001046518
0.02851329839 0.003511191734
0.03336024851 0.00410805608
0.03903112735 0.004806380863
0.04566599382 0.005623413252
0.05342871531 0.006579332247
0.06251101489 0.007697747057
0.07313720647 0.009006280202
0.08556973485 0.01053724973
0.1001156576 0.01232846739
0.1171342288 0.01442417255
0.1370457717 0.01687612476
0.16034206 0.01974488213
0.1875984636 0.023101297
0.2194881588 0.02702826584
0.2567987548 0.0316227766
0.3004517457 0.03699830414
0.3515252696 0.04328761281
0.4112807361 0.05064603544
0.4811939809 0.05925530976
0.5629917159 0.06932806692
0.6586941747 0.08111308308
0.7706650089 0.0949014236
0.9016696653 0.1110336318
1.054943686 0.1299081397
1.234272621 0.1519911083
1.444085521 0.177827941
1.689564328 0.2080567538
1.976771859 0.2434241355
2.312801541 0.2848035868
2.705952609 0.3332170941
3.165935076 0.3898603703
3.704109551 0.4561323863
4.333767824 0.5336699231
5.070461145 0.6243879966
5.932384304 0.7305271543
6.940825012 0.8547088126
8.120689655 1
0.008396551724 0.001
0.00982387405 0.001169989107
0.01149382562 0.00136887451
0.01344765077 0.001601568264
0.01573360491 0.001873817423
0.01840814636 0.002192345972
0.02153733071 0.002565020906
0.02519844231 0.003001046518
0.02948190301 0.003511191734
0.03449350536 0.00410805608
0.04035702552 0.004806380863
0.04721728024 0.005623413252
0.05524370352 0.006579332247
0.06463453132 0.007697747057
0.07562169756 0.009006280202
0.08847656237 0.01053724973
0.1035166142 0.01232846739
0.1211133109 0.01442417255
0.1417012544 0.01687612476
0.1657889241 0.01974488213
0.1939712352 0.023101297
0.2269442321 0.02702826584
0.2655222794 0.0316227766
0.3106581745 0.03699830414
0.36346668 0.04328761281
0.4252520562 0.05064603544
0.4975402733 0.05925530976
0.5821166998 0.06932806692
0.6810701976 0.08111308308
0.796844712 0.0949014236
0.9322996327 0.1110336318
1.090780414 0.1299081397
1.276201202 0.1519911083
1.493141505 0.177827941
1.746959295 0.2080567538
2.043923345 0.2434241355
2.391368048 0.2848035868
2.797874566 0.3332170941
3.273482764 0.3898603703
3.829939175 0.4561323863
4.480987113 0.5336699231
5.242706109 0.6243879966
6.133909037 0.7305271543
7.176606754 0.8547088126
8.396551724 1
0.008672413793 0.001
0.01014662967 0.001169989107
0.01187144618 0.00136887451
0.01388946271 0.001601568264
0.01625052006 0.001873817423
0.01901293145 0.002192345972
0.02224492268 0.002565020906
0.02602631721 0.003001046518
0.03045050763 0.003511191734
0.03562676221 0.00410805608
0.04168292369 0.004806380863
0.04876856665 0.005623413252
0.05705869172 0.006579332247
0.06675804775 0.007697747057
0.07810618865 0.009006280202
0.09138338988 0.01053724973
0.1069175707 0.01232846739
0.125092393 0.01442417255
0.1463567371 0.01687612476
0.1712357881 0.01974488213
0.2003440067 0.023101297
0.2344003055 0.02702826584
0.274245804 0.0316227766
0.3208646032 0.03699830414
0.3754080904 0.04328761281
0.4392233763 0.05064603544
0.5138865656 0.05925530976
0.6012416838 0.06932806692
0.7034462205 0.08111308308
0.8230244151 0.0949014236
0.9629296001 0.1110336318
1.126617142 0.1299081397
1.318129784 0.1519911083
1.542197488 0.177827941
1.804354262 0.2080567538
2.11107483 0.2434241355
2.469934555 0.2848035868
2.889796523 0.3332170941
3.381030452 0.3898603703
3.955768798 0.4561323863
4.628206402 0.5336699231
5.414951074 0.6243879966
6.335433769 0.7305271543
7.412388495 0.8547088126
8.672413793 1
0.008948275862 0.001
0.01046938528 0.001169989107
0.01224906673 0.00136887451
0.01433127464 0.001601568264
0.01676743521 0.001873817423
0.01961771655 0.002192345972
0.02295251466 0.002565020906
0.02685419212 0.003001046518
0.03141911224 0.003511191734
0.03676001906 0.00410805608
0.04300882186 0.004806380863
0.05031985306 0.005623413252
0.05887367993 0.006579332247
0.06888156418 0.007697747057
0.08059067974 0.009006280202
0.09429021739 0.01053724973
0.1103185272 0.01232846739
0.1290714751 0.01442417255
0.1510122198 0.01687612476
0.1766826521 0.01974488213
0.2067167783 0.023101297
0.2418563788 0.02702826584
0.2829693286 0.0316227766
0.3310710319 0.03699830414
0.3873495008 0.04328761281
0.4531946964 0.05064603544
0.530232858 0.05925530976
0.6203666678 0.06932806692
0.7258222434 0.08111308308
0.8492041181 0.0949014236
0.9935595675 0.1110336318
1.162453871 0.1299081397
1.360058366 0.1519911083
1.591253472 0.177827941
1.861749228 0.2080567538
2.178226316 0.2434241355
2.548501062 0.2848035868
2.98171848 0.3332170941
3.488578141 0.3898603703
4.081598422 0.4561323863
4.775425691 0.5336699231
5.587196038 0.6243879966
6.536958501 0.7305271543
7.648170237 0.8547088126
8.948275862 1
0.009224137931 0.001
0.0107921409 0.001169989107
0.01262668729 0.00136887451
0.01477308658 0.001601568264
0.01728435037 0.001873817423
0.02022250164 0.002192345972
0.02366010663 0.002565020906
0.02768206702 0.003001046518
0.03238771686 0.003511191734
0.03789327591 0.00410805608
0.04433472003 0.004806380863
0.05187113948 0.005623413252
0.06068866814 0.006579332247
0.07100508061 0.007697747057
0.08307517083 0.009006280202
0.0971970449 0.01053724973
0.1137194837 0.01232846739
0.1330505572 0.01442417255
0.1556677025 0.01687612476
0.1821295162 0.01974488213
0.2130895499 0.023101297
0.2493124521 0.02702826584
0.2916928531 0.0316227766
0.3412774606 0.03699830414
0.3992909113 0.04328761281
0.4671660165 0.05064603544
0.5465791503 0.05925530976
0.6394916518 0.06932806692
0.7481982663 0.08111308308
0.8753838212 0.0949014236
1.024189535 0.1110336318
1.198290599 0.1299081397
1.401986947 0.1519911083
1.640309456 0.177827941
1.919144195 0.2080567538
2.245377802 0.2434241355
2.627067568 0.2848035868
3.073640437 0.3332170941
3.596125829 0.3898603703
4.207428046 0.4561323863
4.922644981 0.5336699231
5.759441003 0.6243879966
6.738483233 0.7305271543
7.883951978 0.8547088126
9.224137931 1
0.0095 0.001
0.01111489651 0.001169989107
0.01300430784 0.00136887451
0.01521489851 0.001601568264
0.01780126552 0.001873817423
0.02082728674 0.002192345972
0.0243676986 0.002565020906
0.02850994192 0.003001046518
0.03335632148 0.003511191734
0.03902653276 0.00410805608
0.0456606182 0.004806380863
0.05342242589 0.005623413252
0.06250365634 0.006579332247
0.07312859704 0.007697747057
0.08555966192 0.009006280202
0.1001038724 0.01053724973
0.1171204402 0.01232846739
0.1370296392 0.01442417255
0.1603231852 0.01687612476
0.1875763802 0.01974488213
0.2194623215 0.023101297
0.2567685255 0.02702826584
0.3004163777 0.0316227766
0.3514838894 0.03699830414
0.4112323217 0.04328761281
0.4811373367 0.05064603544
0.5629254427 0.05925530976
0.6586166358 0.06932806692
0.7705742893 0.08111308308
0.9015635242 0.0949014236
1.054819502 0.1110336318
1.234127327 0.1299081397
1.443915529 0.1519911083
1.68936544 0.177827941
1.976539161 0.2080567538
2.312529287 0.2434241355
2.705634075 0.2848035868
3.165562394 0.3332170941
3.703673517 0.3898603703
4.33325767 0.4561323863
5.06986427 0.5336699231
5.931685967 0.6243879966
6.940007966 0.7305271543
8.119733719 0.8547088126
9.5 1
